Processing esp32dev (platform: espressif32; board: esp32dev; framework: arduino)
--------------------------------------------------------------------------------
--- Terminal on /dev/ttyUSB0 | 115200 8-N-1
--- Available filters and text transformations: debug, default, direct, esp32_exception_decoder, hexlify, log2file, nocontrol, printable, send_on_enter, time
--- More details at https://bit.ly/pio-monitor-filters
--- Quit: Ctrl+C | Menu: Ctrl+T | Help: Ctrl+T followed by Ctrl+H
27.40;99.90;00
ets Jul 29 2019 12:21:46

rst:0x1 (POWERON_RESET),boot:0x17 (SPI_FAST_FLASH_BOOT)
configsip: 0, SPIWP:0xee
clk_drv:0x00,q_drv:0x00,d_drv:0x00,cs0_drv:0x00,hd_drv:0x00,wp_drv:0x00
mode:DIO, clock div:2
load:0x3fff0030,len:1184
load:0x40078000,len:13232
load:0x40080400,len:3028
entry 0x400805e4
Starting am2315 succed!
27.40;99.90;00
27.40;99.90;00
27.40;99.90;00
27.40;99.90;00
27.40;99.90;00
27.40;99.90;00
27.40;99.90;00
27.40;99.90;00
27.40;99.90;00
27.40;99.90;00
27.40;99.90;00
27.40;99.90;00
27.40;99.90;00
27.40;99.90;00
27.40;99.90;00
27.40;99.90;00
27.40;99.90;00
27.40;99.90;00
27.40;99.90;00
27.50;99.90;00
27.40;99.90;00
27.40;99.90;00
27.40;99.90;00
27.40;99.90;00
27.40;99.90;00
27.40;99.90;00
27.40;99.90;00
27.40;99.90;00
27.40;99.90;00
27.40;99.90;00
27.40;99.90;00
27.50;99.90;00
27.40;99.90;00
27.50;99.90;00
27.40;99.90;00
27.40;99.90;00
27.40;99.90;00
27.40;99.90;00
27.40;99.90;00
27.40;99.90;00
27.40;99.90;00
27.50;99.90;00
27.40;99.90;00
27.40;99.90;00
27.40;99.90;00
27.40;99.90;00
27.40;99.90;00
27.40;99.90;00
27.40;99.90;00
27.40;99.90;00
27.40;99.90;00
27.50;99.90;00
27.50;99.90;00
27.40;99.90;00
27.40;99.90;00
27.40;99.90;00
27.40;99.90;00
27.50;99.90;00
27.40;99.90;00
27.50;99.90;00
27.40;99.90;00
27.40;99.90;00
27.40;99.90;00
27.40;99.90;00
27.40;99.90;00
27.40;99.90;00
27.40;99.90;00
27.40;99.90;00
27.40;99.90;00
27.40;99.90;00
27.40;99.90;00
27.40;99.90;00
27.40;99.90;00
27.40;99.90;00
27.40;99.90;00
27.40;99.90;00
27.40;99.90;00
27.40;99.90;00
27.40;99.90;00
27.40;99.90;00
27.40;99.90;00
27.40;99.90;00
27.40;99.90;00
27.40;99.90;00
27.40;99.90;00
27.40;99.90;00
27.40;99.90;00
27.40;99.90;00
27.40;99.90;00
27.40;99.90;00
27.40;99.90;00
27.40;99.80;00
27.40;99.80;00
27.40;99.80;00
27.40;99.70;00
27.40;99.60;00
27.40;99.60;00
27.40;99.50;00
27.40;99.50;00
27.40;99.50;00
27.40;99.50;00
27.40;99.60;00
27.40;99.70;00
27.40;99.70;00
27.40;99.80;00
27.40;99.80;00
27.40;99.90;00
27.40;99.90;00
27.40;99.90;00
27.40;99.80;00
27.40;99.70;00
27.40;99.60;00
27.40;99.50;00
27.40;99.50;00
27.40;99.50;00
27.40;99.50;00
27.40;99.50;00
27.40;99.50;00
27.40;99.60;00
27.40;99.60;00
27.40;99.60;00
27.40;99.60;00
27.40;99.50;00
27.40;99.40;00
27.40;99.30;00
27.40;99.20;00
27.40;99.20;00
27.40;99.00;00
27.40;98.90;00
27.40;98.90;00
27.40;98.80;00
27.40;98.80;00
27.40;98.70;00
27.40;98.70;00
27.40;98.70;00
27.40;98.70;00
27.40;98.70;00
27.30;98.80;00
27.40;98.80;00
27.30;98.80;00
27.30;98.80;00
27.30;98.80;00
27.30;98.80;00
27.30;98.70;00
27.30;98.70;00
27.30;98.50;00
27.40;98.40;00
27.30;98.30;00
27.40;98.30;00
27.30;98.40;00
27.40;98.40;00
27.40;98.50;00
27.40;98.50;00
27.40;98.50;00
27.30;98.50;00
27.40;98.50;00
27.40;98.50;00
27.40;98.50;00
27.40;98.50;00
27.40;98.50;00
27.30;98.50;00
27.40;98.40;00
27.40;98.40;00
27.30;98.20;00
27.40;98.10;00
27.30;97.90;00
27.30;97.80;00
27.30;97.70;00
27.30;97.60;00
27.30;97.60;00
27.30;97.60;00
27.30;97.60;00
27.30;97.70;00
27.30;97.80;00
27.30;97.90;00
27.30;97.80;00
27.40;97.80;00
27.30;97.60;00
27.30;97.50;00
27.40;97.40;00
27.40;97.40;00
27.30;97.30;00
27.30;97.20;00
27.30;97.20;00
27.30;97.20;00
27.30;97.20;00
27.30;97.30;00
27.30;97.30;00
27.30;97.40;00
27.30;97.40;00
27.30;97.50;00
27.30;97.50;00
27.40;97.50;00
27.30;97.50;00
27.30;97.40;00
27.40;97.40;00
27.30;97.30;00
27.30;97.30;00
27.30;97.30;00
27.30;97.20;00
27.30;97.10;00
27.30;97.10;00
27.30;97.10;00
27.30;97.10;00
27.30;97.10;00
27.30;97.10;00
27.30;97.00;00
27.30;97.00;00
27.30;96.80;00
27.40;96.80;00
27.30;96.90;00
27.40;97.10;00
27.30;97.40;00
27.30;97.90;00
27.40;98.30;00
27.40;98.80;00
27.40;98.80;00
27.40;99.40;00
27.40;99.50;00
27.30;99.70;00
27.40;99.70;00
27.30;99.70;00
27.40;99.80;00
27.30;99.80;00
27.30;99.80;00
27.30;99.80;00
27.40;99.90;00
27.40;99.90;00
27.40;99.90;00
27.30;99.90;00
27.30;99.90;00
27.40;99.90;00
27.40;99.90;00
27.40;99.90;00
27.40;99.90;00
27.30;99.90;00
27.40;99.90;00
27.30;99.90;00
27.30;99.90;00
27.30;99.90;00
27.30;99.90;00
27.30;99.90;00
27.30;99.90;00
27.30;99.90;00
27.30;99.90;00
27.40;99.90;00
27.40;99.90;00
27.40;99.90;00
27.30;99.90;00
27.40;99.90;00
27.30;99.90;00
27.30;99.90;00
27.30;99.90;00
27.30;99.90;00
27.30;99.90;00
27.30;99.90;00
27.40;99.90;00
27.30;99.90;00
27.40;99.90;00
27.40;99.90;00
27.30;99.90;00
27.30;99.90;00
27.40;99.90;00
27.40;99.90;00
27.40;99.90;00
27.40;99.90;00
27.40;99.90;00
27.40;99.90;00
27.40;99.90;00
27.40;99.90;00
27.40;99.90;00
27.40;99.90;00
27.40;99.90;00
27.40;99.90;00
27.40;99.90;00
27.40;99.90;00
27.40;99.90;00
27.40;99.90;00
27.40;99.90;00
27.40;99.90;00
27.40;99.90;00
27.40;99.90;00
27.40;99.90;00
27.40;99.90;00
27.40;99.90;00
27.40;99.90;00
27.40;99.90;00
27.50;99.90;00
27.50;99.90;00
27.40;99.90;00
27.40;99.90;00
27.40;99.90;00
27.40;99.90;00
27.40;99.90;00
27.40;99.90;00
27.40;99.90;00
27.40;99.90;00
27.40;99.90;00
27.50;99.90;00
27.50;99.90;00
27.50;99.90;00
27.50;99.90;00
27.50;99.90;00
27.50;99.90;00
27.50;99.90;00
27.50;99.90;00
27.50;99.90;00
27.50;99.90;00
27.50;99.90;00
27.50;99.90;00
27.50;99.90;00
27.50;99.90;00
27.50;99.90;00
27.50;99.90;00
27.50;99.90;00
27.50;99.90;00
27.50;99.90;00
27.50;99.90;00
27.50;99.90;00
27.50;99.90;00
27.50;99.90;00
27.50;99.90;00
27.50;99.90;00
27.50;99.90;00
27.50;99.90;00
27.50;99.90;00
27.50;99.90;00
27.50;99.90;00
27.50;99.90;00
27.50;99.90;00
27.50;99.90;00
27.50;99.90;00
27.50;99.90;00
27.50;99.90;00
27.50;99.90;00
27.50;99.90;00
27.50;99.90;00
27.50;99.90;00
27.50;99.90;00
27.50;99.90;00
27.50;99.90;00
27.50;99.90;00
27.50;99.90;00
27.50;99.90;00
27.50;99.90;00
27.50;99.90;00
27.50;99.90;00
27.50;99.90;00
27.60;99.90;00
27.60;99.90;00
27.50;99.90;00
27.50;99.90;00
27.50;99.90;00
27.60;99.90;00
27.50;99.90;00
27.50;99.90;00
27.60;99.90;00
27.50;99.90;00
27.60;99.90;00
27.50;99.90;00
27.50;99.90;00
27.60;99.90;00
27.60;99.90;00
27.60;99.90;00
27.60;99.90;00
27.60;99.90;00
27.60;99.90;00
27.60;99.90;00
27.60;99.90;00
27.60;99.90;00
27.60;99.90;00
27.60;99.90;00
27.60;99.90;00
27.60;99.90;00
27.60;99.90;00
27.60;99.90;00
27.60;99.90;00
27.60;99.90;00
27.60;99.90;00
27.60;99.90;00
27.60;99.90;00
27.60;99.90;00
27.60;99.90;00
27.60;99.90;00
27.60;99.90;00
27.60;99.90;00
27.60;99.90;00
27.60;99.90;00
27.60;99.90;00
27.60;99.90;00
27.60;99.90;00
27.60;99.90;00
27.60;99.90;00
27.60;99.90;00
27.60;99.90;00
27.60;99.90;00
27.60;99.90;00
27.60;99.90;00
27.60;99.90;00
27.60;99.90;00
27.60;99.90;00
27.60;99.90;00
27.60;99.90;00
27.60;99.90;00
27.60;99.90;00
27.60;99.90;00
27.60;99.90;00
27.60;99.90;00
27.60;99.90;00
27.60;99.90;00
27.60;99.90;00
27.60;99.90;00
27.60;99.90;00
27.60;99.90;00
27.60;99.90;00
27.60;99.90;00
27.60;99.90;00
27.60;99.90;00
27.60;99.90;00
27.70;99.90;00
27.70;99.90;00
27.70;99.90;00
27.70;99.90;00
27.70;99.90;00
27.70;99.90;00
27.70;99.90;00
27.70;99.90;00
27.70;99.90;00
27.70;99.90;00
27.70;99.90;00
27.70;99.90;00
27.70;99.90;00
27.70;99.90;00
27.70;99.90;00
27.70;99.90;00
27.70;99.90;00
27.70;99.90;00
27.70;99.90;00
27.70;99.90;00
27.70;99.90;00
27.70;99.90;00
27.70;99.90;00
27.70;99.90;00
27.70;99.90;00
27.70;99.90;00
27.70;99.90;00
27.70;99.90;00
27.70;99.90;00
27.70;99.90;00
27.70;99.90;00
27.70;99.90;00
27.70;99.90;00
27.70;99.90;00
27.70;99.90;00
27.70;99.90;00
27.70;99.90;00
27.70;99.90;00
27.70;99.90;00
27.70;99.90;00
27.70;99.90;00
27.70;99.90;00
27.70;99.90;00
27.70;99.90;00
27.80;99.90;00
27.70;99.90;00
27.70;99.90;00
27.70;99.90;00
27.70;99.90;00
27.70;99.90;00
27.70;99.90;00
27.70;99.90;00
27.70;99.90;00
27.70;99.90;00
27.70;99.90;00
27.70;99.90;00
27.80;99.90;00
27.70;99.90;00
27.70;99.90;00
27.80;99.90;00
27.80;99.90;00
27.80;99.90;00
27.80;99.90;00
27.80;99.90;00
27.80;99.90;00
27.80;99.90;00
27.80;99.90;00
27.80;99.90;00
27.80;99.90;00
27.80;99.90;00
27.80;99.90;00
27.80;99.90;00
27.80;99.90;00
27.80;99.90;00
27.80;99.90;00
27.80;99.90;00
27.80;99.90;00
27.80;99.90;00
27.80;99.90;00
27.80;99.90;00
27.80;99.90;00
27.80;99.90;00
27.80;99.90;00
27.80;99.90;00
27.80;99.90;00
27.80;99.90;00
27.80;99.90;00
27.80;99.90;00
27.80;99.90;00
27.80;99.90;00
27.80;99.90;00
27.80;99.90;00
27.80;99.90;00
27.80;99.90;00
27.80;99.90;00
27.80;99.90;00
27.80;99.90;00
27.80;99.90;00
27.80;99.90;00
27.80;99.90;00
27.80;99.90;00
27.80;99.90;00
27.80;99.90;00
27.80;99.90;00
27.80;99.90;00
27.80;99.90;00
27.80;99.90;00
27.80;99.90;00
27.80;99.90;00
27.80;99.90;00
27.80;99.90;00
27.80;99.90;00
27.80;99.90;00
27.80;99.90;00
27.80;99.90;00
27.80;99.90;00
27.80;99.90;00
27.80;99.90;00
27.80;99.90;00
27.80;99.90;00
27.80;99.90;00
27.80;99.90;00
27.80;99.90;00
27.80;99.90;00
27.80;99.90;00
27.80;99.90;00
27.80;99.90;00
27.80;99.90;00
27.80;99.90;00
27.80;99.90;00
27.80;99.90;00
27.80;99.90;00
27.80;99.90;00
27.80;99.90;00
27.80;99.90;00
27.80;99.90;00
27.80;99.90;00
27.80;99.90;00
27.80;99.90;00
27.80;99.90;00
27.80;99.90;00
27.80;99.90;00
27.80;99.90;00
27.70;99.90;00
27.80;99.90;00
27.80;99.90;00
27.70;99.90;00
27.80;99.90;00
27.80;99.90;00
27.80;99.90;00
27.80;99.90;00
27.70;99.90;00
27.70;99.90;00
27.70;99.90;00
27.70;99.90;00
27.70;99.90;00
27.70;99.90;00
27.70;99.90;00
27.80;99.90;00
27.80;99.90;00
27.70;99.90;00
27.80;99.90;00
27.80;99.90;00
27.80;99.90;00
27.80;99.90;00
27.80;99.90;00
27.80;99.90;00
27.80;99.90;00
27.80;99.90;00
27.80;99.90;00
27.80;99.90;00
27.80;99.90;00
27.80;99.90;00
27.80;99.90;00
27.80;99.90;00
27.80;99.90;00
27.80;99.90;00
27.80;99.90;00
27.80;99.90;00
27.80;99.90;00
27.80;99.90;00
27.80;99.90;00
27.80;99.90;00
27.80;99.90;00
27.80;99.90;00
27.80;99.90;00
27.80;99.90;00
27.80;99.90;00
27.80;99.90;00
27.80;99.90;00
27.80;99.90;00
27.80;99.90;00
27.80;99.90;00
27.80;99.90;00
27.80;99.90;00
27.80;99.90;00
27.80;99.90;00
27.80;99.90;00
27.80;99.90;00
27.80;99.90;00
27.80;99.90;00
27.80;99.90;00
27.80;99.90;00
27.80;99.90;00
27.80;99.90;00
27.80;99.90;00
27.80;99.90;00
27.80;99.90;00
27.80;99.90;00
27.80;99.90;00
27.80;99.90;00
27.80;99.90;00
27.80;99.90;00
27.80;99.90;00
27.80;99.90;00
27.80;99.90;00
27.80;99.90;00
27.80;99.90;00
27.80;99.90;00
27.80;99.90;00
27.80;99.90;00
27.80;99.90;00
27.80;99.90;00
27.90;99.90;00
27.80;99.90;00
27.90;99.90;00
27.90;99.90;00
27.90;99.90;00
27.90;99.90;00
27.90;99.90;00
27.90;99.90;00
27.90;99.90;00
27.90;99.90;00
27.90;99.90;00
27.90;99.90;00
27.90;99.90;00
27.90;99.90;00
27.90;99.90;00
27.90;99.90;00
27.90;99.90;00
27.90;99.90;00
27.90;99.90;00
27.90;99.90;00
27.90;99.90;00
27.90;99.90;00
27.90;99.90;00
27.90;99.90;00
27.90;99.90;00
27.90;99.90;00
27.90;99.90;00
27.90;99.90;00
27.90;99.90;00
27.90;99.90;00
27.90;99.90;00
27.90;99.90;00
27.90;99.90;00
27.90;99.90;00
27.90;99.90;00
27.90;99.90;00
27.90;99.90;00
27.90;99.90;00
27.90;99.90;00
27.90;99.90;00
27.90;99.90;00
27.90;99.90;00
27.90;99.90;00
27.90;99.90;00
28.00;99.90;00
28.00;99.90;00
28.00;99.90;00
28.00;99.90;00
28.00;99.90;00
28.00;99.90;00
28.00;99.90;00
28.00;99.90;00
28.00;99.90;00
28.00;99.90;00
28.00;99.90;00
28.00;99.90;00
28.00;99.90;00
28.00;99.90;00
28.00;99.90;00
28.00;99.90;00
28.00;99.90;00
28.00;99.90;00
28.00;99.90;00
28.00;99.90;00
28.00;99.90;00
28.00;99.90;00
28.00;99.90;00
28.00;99.90;00
28.00;99.90;00
28.00;99.90;00
28.00;99.90;00
28.00;99.90;00
28.00;99.90;00
28.00;99.90;00
28.00;99.90;00
28.00;99.90;00
28.00;99.90;00
28.00;99.90;00
28.00;99.90;00
28.00;99.90;00
28.00;99.90;00
28.00;99.90;00
28.00;99.90;00
28.00;99.90;00
28.00;99.90;00
28.00;99.90;00
28.00;99.90;00
28.00;99.90;00
27.90;99.90;00
27.90;99.90;00
27.90;99.90;00
27.90;99.90;00
27.90;99.90;00
27.90;99.90;00
27.90;99.90;00
27.90;99.90;00
27.90;99.90;00
27.90;99.90;00
27.90;99.90;00
27.90;99.90;00
27.90;99.90;00
27.90;99.90;00
27.90;99.90;00
27.90;99.90;00
27.90;99.90;00
27.90;99.90;00
27.90;99.90;00
27.90;99.90;00
27.90;99.90;00
27.90;99.90;00
27.90;99.90;00
27.90;99.90;00
27.90;99.90;00
27.90;99.90;00
27.90;99.90;00
27.90;99.90;00
27.90;99.90;00
27.90;99.90;00
27.90;99.90;00
27.90;99.90;00
27.90;99.90;00
27.90;99.90;00
27.90;99.90;00
27.90;99.90;00
27.90;99.90;00
27.90;99.90;00
27.90;99.90;00
27.90;99.90;00
27.90;99.90;00
27.90;99.90;00
27.90;99.90;00
27.90;99.90;00
27.90;99.90;00
27.90;99.90;00
27.90;99.90;00
27.90;99.90;00
27.90;99.90;00
27.90;99.90;00
27.90;99.90;00
27.90;99.90;00
27.90;99.90;00
27.90;99.90;00
27.80;99.90;00
27.80;99.90;00
27.90;99.90;00
27.90;99.90;00
27.90;99.90;00
27.90;99.90;00
27.90;99.90;00
27.90;99.90;00
27.90;99.90;00
27.90;99.90;00
27.90;99.90;00
27.90;99.90;00
27.90;99.90;00
27.90;99.90;00
27.90;99.90;00
27.90;99.90;00
27.90;99.90;00
27.90;99.90;00
27.90;99.90;00
27.80;99.90;00
27.80;99.90;00
27.80;99.90;00
27.80;99.90;00
27.80;99.90;00
27.80;99.90;00
27.80;99.90;00
27.80;99.90;00
27.80;99.90;00
27.80;99.90;00
27.80;99.90;00
27.80;99.90;00
27.80;99.90;00
27.80;99.90;00
27.80;99.90;00
27.80;99.90;00
27.80;99.90;00
27.80;99.90;00
27.80;99.90;00
27.80;99.90;00
27.80;99.90;00
27.80;99.90;00
27.80;99.90;00
27.80;99.90;00
27.80;99.90;00
27.80;99.90;00
27.80;99.90;00
27.80;99.90;00
27.80;99.90;00
27.80;99.90;00
27.80;99.90;00
27.80;99.90;00
27.80;99.90;00
27.80;99.90;00
27.80;99.90;00
27.80;99.90;00
27.80;99.90;00
27.80;99.90;00
27.80;99.90;00
27.80;99.90;00
27.80;99.90;00
27.80;99.90;00
27.80;99.90;00
27.80;99.90;00
27.80;99.90;00
27.80;99.90;00
27.80;99.90;00
27.80;99.90;00
27.70;99.90;00
27.80;99.90;00
27.80;99.90;00
27.80;99.90;00
27.80;99.90;00
27.70;99.70;00
27.70;99.70;00
27.80;99.70;00
27.70;99.60;00
27.80;99.60;00
27.70;99.70;00
27.70;99.70;00
27.70;99.80;00
27.70;99.80;00
27.70;99.60;00
27.70;99.50;00
27.70;99.30;00
27.70;99.20;00
27.70;99.10;00
27.70;99.00;00
27.70;98.90;00
27.70;98.90;00
27.70;98.90;00
27.70;99.00;00
27.70;99.00;00
27.70;99.10;00
27.70;99.20;00
27.70;99.20;00
27.70;99.10;00
27.70;99.00;00
27.70;98.90;00
27.70;98.90;00
27.70;98.60;00
27.70;98.50;00
27.70;98.50;00
27.70;98.50;00
27.70;98.40;00
27.70;98.40;00
27.70;98.40;00
27.70;98.30;00
27.70;98.30;00
27.70;98.20;00
27.70;98.10;00
27.70;98.10;00
27.70;98.00;00
27.70;97.90;00
27.70;97.90;00
27.70;97.90;00
27.70;97.90;00
27.70;97.90;00
27.70;97.90;00
27.70;97.90;00
27.70;97.90;00
27.70;97.90;00
27.70;97.90;00
27.70;97.90;00
27.70;97.90;00
27.70;98.00;00
27.70;98.00;00
27.70;98.00;00
27.70;97.90;00
27.70;97.80;00
27.70;97.70;00
27.70;97.60;00
27.70;97.50;00
27.70;97.50;00
27.70;97.40;00
27.70;97.40;00
27.70;97.40;00
27.70;97.30;00
27.70;97.20;00
27.70;97.10;00
27.70;97.00;00
27.70;97.00;00
27.70;96.90;00
27.70;96.90;00
27.70;96.90;00
27.70;96.90;00
27.70;96.90;00
27.70;96.90;00
27.70;96.80;00
27.70;96.60;00
27.70;96.50;00
27.70;96.40;00
27.70;96.30;00
27.70;96.30;00
27.70;96.30;00
27.70;96.30;00
27.70;96.30;00
27.70;96.30;00
27.70;96.20;00
27.70;96.20;00
27.70;96.20;00
27.70;96.10;00
27.70;96.10;00
27.70;96.00;00
27.70;96.00;00
27.70;95.90;00
27.70;95.80;00
27.70;95.70;00
27.70;95.60;00
27.70;95.50;00
27.70;95.50;00
27.70;95.50;00
27.70;95.50;00
27.70;95.50;00
27.70;95.40;00
27.70;95.30;00
27.70;95.10;00
27.70;95.00;00
27.70;95.00;00
27.70;95.00;00
27.70;95.00;00
27.70;95.10;00
27.70;95.10;00
27.70;95.10;00
27.70;95.10;00
27.70;95.10;00
27.70;95.00;00
27.70;95.00;00
27.70;95.00;00
27.70;95.00;00
27.70;94.80;00
27.70;94.70;00
27.70;94.60;00
27.70;94.40;00
27.70;94.30;00
27.70;94.10;00
27.70;94.00;00
27.70;94.00;00
27.70;94.00;00
27.70;94.00;00
27.70;94.10;00
27.70;94.20;00
27.70;94.30;00
27.70;94.30;00
27.70;94.40;00
27.70;94.40;00
27.70;94.40;00
27.70;94.40;00
27.70;94.30;00
27.70;94.30;00
27.70;94.30;00
27.70;94.30;00
27.70;94.30;00
27.70;94.30;00
27.70;94.20;00
27.70;94.10;00
27.70;94.10;00
27.70;93.90;00
27.70;93.80;00
27.70;93.70;00
27.70;93.70;00
27.70;93.60;00
27.70;93.50;00
27.70;93.50;00
27.70;93.40;00
27.70;93.40;00
27.70;93.40;00
27.70;93.40;00
27.70;93.40;00
27.70;93.40;00
27.70;93.50;00
27.70;93.50;00
27.70;93.50;00
27.70;93.50;00
27.70;93.50;00
27.70;93.40;00
27.70;93.30;00
27.70;93.30;00
27.70;93.20;00
27.70;93.10;00
27.70;93.10;00
27.70;93.10;00
27.70;93.10;00
27.70;93.10;00
27.70;93.20;00
27.70;93.20;00
27.70;93.10;00
27.70;93.10;00
27.70;93.00;00
27.70;92.90;00
27.70;92.90;00
27.70;92.80;00
27.70;92.80;00
27.70;92.80;00
27.70;92.80;00
27.70;92.80;00
27.70;92.80;00
27.70;92.80;00
27.70;92.80;00
27.70;92.80;00
27.70;92.80;00
27.70;92.80;00
27.70;92.90;00
27.70;92.90;00
27.70;92.90;00
27.70;92.90;00
27.70;92.80;00
27.70;92.70;00
27.70;92.60;00
27.70;92.50;00
27.70;92.50;00
27.70;92.50;00
27.70;92.50;00
27.70;92.50;00
27.70;92.50;00
27.70;92.50;00
27.70;92.40;00
27.70;92.30;00
27.70;92.20;00
27.70;92.20;00
27.70;92.00;00
27.70;92.00;00
27.70;92.00;00
27.70;92.10;00
27.70;92.30;00
27.70;92.50;00
27.70;92.80;00
27.70;93.10;00
27.70;93.10;00
27.70;93.70;00
27.70;93.90;00
27.70;94.10;00
27.70;94.30;00
27.70;94.50;00
27.70;94.70;00
27.70;94.90;00
27.70;95.00;00
27.70;95.00;00
27.70;95.30;00
27.70;95.50;00
27.70;95.80;00
27.80;96.00;00
27.80;96.10;00
27.80;96.10;00
27.80;96.10;00
27.80;96.10;00
27.80;96.10;00
27.80;98.30;00
27.80;98.50;00
27.80;99.20;00
27.80;99.60;00
27.90;99.60;00
27.80;99.90;00
27.90;99.90;00
27.90;99.90;00
27.90;99.90;00
27.90;99.90;00
27.90;99.90;00
28.00;99.90;00
28.00;99.90;00
28.00;99.90;00
28.00;99.90;00
28.00;99.90;00
28.10;99.80;00
28.10;99.80;00
28.10;99.60;00
28.10;99.60;00
28.20;99.60;00
28.10;99.40;00
28.10;99.20;00
28.30;98.80;00
28.20;98.40;00
28.20;97.80;00
28.20;97.80;00
28.30;96.70;00
28.30;96.50;00
28.30;96.30;00
28.30;96.30;00
28.30;96.40;00
28.40;96.60;00
28.40;96.60;00
28.30;96.60;00
28.30;96.60;00
28.40;96.50;00
28.40;96.40;00
28.40;96.20;00
28.40;96.10;00
28.50;95.90;00
28.50;95.70;00
28.50;95.40;00
28.50;95.20;00
28.50;95.20;00
28.60;95.20;00
28.50;95.20;00
28.50;95.00;00
28.60;94.90;00
28.60;94.70;00
28.60;94.50;00
28.60;94.30;00
28.70;94.30;00
28.70;94.30;00
28.60;94.80;00
28.70;95.00;00
28.60;95.20;00
28.70;95.20;00
28.70;95.00;00
28.70;94.50;00
28.70;94.10;00
28.70;93.70;00
28.70;93.70;00
28.70;93.10;00
28.70;93.00;00
28.70;92.90;00
28.70;92.90;00
28.70;92.90;00
28.80;92.80;00
28.80;92.80;00
28.80;92.70;00
28.80;92.70;00
28.80;92.40;00
28.80;92.30;00
28.80;92.20;00
28.80;92.10;00
28.80;92.10;00
28.80;92.10;00
28.80;92.10;00
28.80;92.10;00
28.80;92.10;00
28.80;92.00;00
28.80;91.90;00
28.80;91.70;00
28.80;91.60;00
28.80;91.50;00
28.90;91.40;00
28.90;91.30;00
28.90;91.40;00
28.90;91.40;00
28.90;91.50;00
28.90;91.50;00
28.90;91.50;00
28.90;91.50;00
28.90;91.40;00
29.00;91.20;00
28.90;90.90;00
28.90;90.70;00
28.90;90.70;00
29.00;90.60;00
28.90;98.30;00
29.00;97.40;00
29.00;96.30;00
28.90;94.60;00
29.00;93.30;00
29.00;92.70;00
29.00;92.00;00
29.00;92.00;00
29.00;91.20;00
29.00;91.00;00
29.10;90.70;00
28.90;91.20;00
28.80;91.70;00
28.90;92.00;00
29.00;92.30;00
28.90;92.30;00
28.90;92.30;00
28.90;91.80;00
29.10;91.50;00
28.90;91.20;00
28.90;91.00;00
28.90;90.90;00
28.90;90.70;00
28.90;90.70;00
28.90;90.20;00
28.90;90.20;00
28.90;90.10;00
28.80;89.90;00
28.80;89.70;00
29.00;89.50;00
28.90;88.70;00
28.90;88.70;00
28.90;88.70;00
28.90;88.70;00
28.90;88.70;00
28.90;89.00;00
28.90;89.50;00
28.90;89.70;00
28.90;89.60;00
28.90;89.60;00
29.00;89.50;00
28.90;89.20;00
28.90;89.00;00
28.90;89.00;00
28.90;88.90;00
28.90;88.80;00
28.90;88.90;00
28.90;89.10;00
28.90;89.30;00
28.90;89.40;00
28.90;89.40;00
28.90;89.40;00
28.90;89.40;00
28.80;89.00;00
28.80;88.70;00
28.80;88.40;00
28.80;88.20;00
28.80;88.10;00
28.80;88.20;00
28.80;88.20;00
28.70;88.40;00
28.70;88.40;00
28.80;88.70;00
28.70;88.80;00
28.70;88.70;00
28.70;88.60;00
28.70;88.40;00
28.70;88.20;00
28.70;88.00;00
28.70;87.90;00
28.70;87.90;00
28.70;88.10;00
28.70;88.40;00
28.70;88.70;00
28.60;89.00;00
28.60;89.30;00
28.60;89.60;00
28.60;89.80;00
28.60;89.90;00
28.60;89.90;00
28.60;89.80;00
28.60;89.60;00
28.60;89.50;00
28.60;89.40;00
28.60;89.30;00
28.60;89.30;00
28.50;89.40;00
28.50;89.50;00
28.50;89.50;00
28.50;89.80;00
28.50;89.80;00
28.50;89.90;00
28.50;89.90;00
28.50;89.80;00
28.50;89.70;00
28.50;89.60;00
28.50;89.60;00
28.50;89.60;00
28.40;89.50;00
28.40;89.50;00
28.40;89.60;00
28.40;89.60;00
28.40;89.70;00
28.40;89.80;00
28.40;89.90;00
28.40;89.90;00
28.40;89.90;00
28.40;90.00;00
28.40;90.00;00
28.40;90.00;00
28.40;90.00;00
28.40;90.00;00
28.40;90.00;00
28.40;89.90;00
28.40;89.80;00
28.40;89.80;00
28.40;89.70;00
28.40;89.70;00
28.40;89.70;00
28.30;89.80;00
28.30;89.90;00
28.30;89.80;00
28.30;89.80;00
28.30;89.60;00
28.30;89.60;00
28.30;89.30;00
28.30;89.20;00
28.30;89.20;00
28.30;89.30;00
28.30;89.40;00
28.30;89.40;00
28.30;89.40;00
28.30;89.20;00
28.30;89.20;00
28.30;88.90;00
28.30;88.70;00
28.30;88.50;00
28.30;88.50;00
28.30;88.50;00
28.30;88.50;00
28.30;88.50;00
28.30;88.60;00
28.30;88.60;00
28.30;88.80;00
28.30;88.90;00
28.30;89.00;00
28.30;89.10;00
28.30;89.20;00
28.30;89.20;00
28.30;89.10;00
28.30;89.00;00
28.30;89.00;00
28.30;88.80;00
28.30;88.80;00
28.30;88.80;00
28.30;88.90;00
28.30;89.00;00
28.30;89.10;00
28.30;89.20;00
28.30;89.20;00
28.30;89.20;00
28.30;89.10;00
28.30;89.10;00
28.30;89.10;00
28.30;89.00;00
28.30;88.90;00
28.30;88.80;00
28.30;88.70;00
28.30;88.60;00
28.30;88.60;00
28.30;88.50;00
28.30;88.60;00
28.30;88.60;00
28.20;88.70;00
28.20;88.70;00
28.30;88.70;00
28.30;88.70;00
28.30;88.70;00
28.30;88.70;00
28.20;88.60;00
28.20;88.60;00
28.20;88.60;00
28.20;88.50;00
28.20;88.40;00
28.30;88.30;00
28.20;88.30;00
28.20;88.30;00
28.20;88.30;00
28.20;88.40;00
28.20;88.40;00
28.20;88.50;00
28.20;88.50;00
28.20;88.40;00
28.30;88.40;00
28.20;88.30;00
28.20;88.30;00
28.20;88.30;00
28.20;88.20;00
28.20;88.10;00
28.20;88.00;00
28.20;87.80;00
28.20;87.70;00
28.20;87.60;00
28.20;87.50;00
28.20;87.50;00
28.20;87.50;00
28.20;87.50;00
28.20;87.50;00
28.20;87.40;00
28.20;87.30;00
28.20;87.20;00
28.20;87.10;00
28.20;87.10;00
28.20;87.00;00
28.20;87.00;00
28.20;86.80;00
28.20;86.70;00
28.20;86.70;00
28.20;86.60;00
28.20;86.60;00
28.20;86.50;00
28.20;86.50;00
28.20;86.60;00
28.20;86.60;00
28.20;86.50;00
28.20;86.60;00
28.10;86.60;00
28.20;86.60;00
28.10;86.60;00
28.20;86.70;00
28.20;86.70;00
28.20;86.70;00
28.20;86.70;00
28.20;86.50;00
28.20;86.50;00
28.10;86.40;00
28.20;86.40;00
28.20;86.40;00
28.20;86.50;00
28.20;86.50;00
28.10;86.40;00
28.10;86.40;00
28.10;86.10;00
28.10;86.00;00
28.20;85.90;00
28.10;85.80;00
28.10;85.80;00
28.10;85.90;00
28.10;85.90;00
28.10;86.00;00
28.10;86.00;00
28.10;86.00;00
28.10;86.00;00
28.10;86.00;00
28.10;86.00;00
28.10;86.10;00
28.10;86.10;00
28.10;86.20;00
28.10;86.30;00
28.10;86.30;00
28.10;86.20;00
28.10;86.20;00
28.10;86.00;00
28.10;85.90;00
28.10;85.90;00
28.10;85.90;00
28.10;86.00;00
28.10;86.20;00
28.10;86.20;00
28.10;86.40;00
28.10;86.50;00
28.10;86.50;00
28.10;86.40;00
28.10;86.30;00
28.10;86.10;00
28.10;85.90;00
28.10;85.80;00
28.10;85.80;00
28.10;85.90;00
28.10;85.90;00
28.10;86.00;00
28.10;86.10;00
28.10;86.10;00
28.10;86.00;00
28.10;85.80;00
28.10;85.60;00
28.10;85.60;00
28.10;85.40;00
28.10;85.30;00
28.10;85.40;00
28.10;85.60;00
28.10;85.80;00
28.10;85.80;00
28.10;85.80;00
28.10;85.80;00
28.10;85.80;00
28.10;85.50;00
28.00;85.40;00
28.10;85.30;00
28.00;85.30;00
28.10;85.40;00
28.10;85.50;00
28.10;85.60;00
28.10;85.60;00
28.10;85.60;00
28.00;85.70;00
28.10;85.70;00
28.10;85.50;00
28.00;85.30;00
28.00;85.10;00
28.00;84.90;00
28.00;84.70;00
28.00;84.60;00
28.00;84.60;00
28.00;84.60;00
28.00;84.70;00
28.00;84.70;00
28.00;84.70;00
28.00;84.70;00
28.00;84.70;00
28.00;84.80;00
28.00;84.90;00
28.00;84.90;00
28.00;85.20;00
28.00;85.30;00
28.00;85.40;00
28.00;85.50;00
28.00;85.50;00
28.00;85.40;00
28.00;85.30;00
28.00;85.10;00
28.00;85.10;00
28.00;84.90;00
28.00;84.80;00
28.00;84.80;00
28.00;84.80;00
28.00;84.90;00
28.00;84.90;00
28.00;85.00;00
28.00;85.10;00
28.00;85.10;00
28.00;84.90;00
28.00;84.80;00
28.00;84.70;00
28.00;84.50;00
28.00;84.20;00
28.00;84.10;00
28.00;84.10;00
28.00;84.10;00
28.00;84.10;00
28.00;84.20;00
28.00;84.20;00
28.00;84.10;00
28.00;84.00;00
28.00;83.80;00
28.00;83.70;00
28.00;83.50;00
28.00;83.40;00
28.00;83.40;00
28.00;83.50;00
28.00;83.70;00
28.00;83.80;00
28.00;83.90;00
28.00;84.00;00
28.00;84.10;00
28.00;84.00;00
28.00;84.00;00
28.00;84.00;00
28.00;84.00;00
28.00;84.00;00
28.00;84.00;00
28.00;83.90;00
28.00;83.80;00
28.00;83.60;00
28.00;83.50;00
28.00;83.40;00
28.00;83.40;00
28.00;83.30;00
28.00;83.30;00
28.00;83.30;00
28.00;83.30;00
28.00;83.30;00
28.00;83.20;00
28.00;83.10;00
28.00;83.00;00
28.00;83.00;00
28.00;82.90;00
28.00;82.90;00
28.00;83.00;00
28.00;83.10;00
28.00;83.20;00
27.90;83.30;00
28.00;83.30;00
28.00;83.20;00
28.00;83.20;00
27.90;82.90;00
27.90;82.70;00
27.90;82.50;00
28.00;82.30;00
27.90;82.20;00
28.00;82.20;00
27.90;82.20;00
28.00;82.30;00
28.00;82.30;00
28.00;82.40;00
28.00;82.50;00
27.90;82.50;00
28.00;82.40;00
28.00;82.20;00
28.00;82.20;00
28.00;82.10;00
28.00;82.10;00
28.00;82.10;00
28.00;82.20;00
28.00;82.20;00
27.90;82.20;00
28.00;82.30;00
28.00;82.30;00
28.00;82.40;00
28.00;82.40;00
28.00;82.40;00
28.00;82.40;00
28.00;82.30;00
28.00;82.20;00
28.00;82.10;00
28.00;82.10;00
28.00;82.20;00
28.00;82.30;00
28.00;82.40;00
28.00;82.60;00
28.00;82.60;00
27.90;82.80;00
28.00;82.90;00
27.90;82.90;00
27.90;82.90;00
28.00;82.90;00
28.00;82.90;00
28.00;82.90;00
28.00;82.90;00
28.00;82.90;00
28.00;82.80;00
28.00;82.90;00
28.00;82.90;00
28.00;83.00;00
28.00;83.20;00
28.00;83.30;00
28.00;83.50;00
28.00;83.50;00
28.00;83.50;00
28.00;83.40;00
28.00;83.30;00
28.00;83.10;00
28.00;83.00;00
28.00;83.00;00
28.00;83.00;00
28.00;83.10;00
28.00;83.30;00
28.00;83.30;00
28.00;83.60;00
28.00;83.70;00
28.00;83.70;00
28.00;83.70;00
28.00;83.70;00
28.00;83.70;00
28.00;83.80;00
28.00;83.90;00
28.00;83.90;00
28.00;84.10;00
28.00;84.10;00
28.00;84.00;00
28.00;83.90;00
28.00;83.70;00
28.00;83.60;00
28.00;83.50;00
28.00;83.50;00
28.00;83.50;00
28.00;83.80;00
28.00;84.00;00
28.00;84.10;00
28.00;84.10;00
28.00;84.00;00
28.00;83.90;00
28.00;83.80;00
28.00;83.80;00
28.00;83.80;00
28.00;83.80;00
28.00;83.90;00
28.00;84.00;00
28.00;84.10;00
28.00;84.10;00
28.00;84.10;00
28.00;84.10;00
28.00;84.10;00
28.00;84.10;00
28.00;84.10;00
28.00;84.00;00
28.00;83.90;00
28.00;83.80;00
28.00;83.70;00
28.00;83.60;00
28.00;83.60;00
28.10;83.60;00
28.10;83.60;00
28.10;83.60;00
28.10;83.50;00
28.10;83.40;00
28.10;83.30;00
28.10;83.10;00
28.10;83.10;00
28.10;83.00;00
28.10;83.10;00
28.10;83.10;00
28.10;83.30;00
28.10;83.40;00
28.10;83.50;00
28.10;83.60;00
28.10;83.50;00
28.10;83.40;00
28.10;83.30;00
28.10;83.10;00
28.10;83.10;00
28.10;82.80;00
28.10;82.80;00
28.10;82.90;00
28.10;82.90;00
28.10;82.90;00
28.10;82.90;00
28.10;82.80;00
28.10;82.60;00
28.10;82.60;00
28.10;82.30;00
28.10;82.20;00
28.10;82.30;00
28.10;82.40;00
28.10;82.60;00
28.10;82.80;00
28.10;82.80;00
28.10;82.80;00
28.10;82.80;00
28.10;82.60;00
28.10;82.40;00
28.10;82.30;00
28.10;82.20;00
28.10;82.10;00
28.10;82.10;00
28.10;82.00;00
28.10;82.10;00
28.10;82.10;00
28.10;82.10;00
28.10;82.20;00
28.10;82.30;00
28.10;82.20;00
28.10;82.20;00
28.10;82.10;00
28.10;82.10;00
28.10;82.10;00
28.10;82.10;00
28.10;82.20;00
28.20;82.30;00
28.10;82.30;00
28.10;82.30;00
28.10;82.10;00
28.20;82.00;00
28.20;81.90;00
28.10;81.69;00
28.10;81.69;00
28.10;81.50;00
28.10;81.50;00
28.10;81.50;00
28.10;81.60;00
28.10;81.69;00
28.10;81.80;00
28.20;81.80;00
28.10;81.80;00
28.10;81.80;00
28.10;81.60;00
28.20;81.50;00
28.10;81.50;00
28.10;81.50;00
28.10;81.50;00
28.10;81.60;00
28.10;81.60;00
28.20;81.69;00
28.20;81.69;00
28.10;81.60;00
28.10;81.50;00
28.10;81.30;00
28.10;81.19;00
28.10;81.19;00
28.10;81.19;00
28.10;81.40;00
28.20;81.50;00
28.20;81.50;00
28.10;81.80;00
28.10;81.90;00
28.10;81.80;00
28.10;81.60;00
28.10;81.50;00
28.10;81.40;00
28.10;81.30;00
28.10;81.30;00
28.10;81.30;00
28.10;81.50;00
28.10;81.50;00
28.10;81.50;00
28.10;81.50;00
28.10;81.40;00
28.10;81.30;00
28.10;81.19;00
28.10;81.10;00
28.10;81.10;00
28.10;81.00;00
28.10;81.10;00
28.10;81.19;00
28.10;81.19;00
28.10;81.19;00
28.10;81.19;00
28.10;81.19;00
28.10;81.19;00
28.10;81.19;00
28.10;81.50;00
28.10;81.69;00
28.10;81.90;00
28.10;82.10;00
28.10;82.10;00
28.10;82.10;00
28.10;82.10;00
28.10;82.00;00
28.10;82.00;00
28.10;82.00;00
28.10;82.20;00
28.10;82.40;00
28.10;82.70;00
28.10;83.10;00
28.10;83.50;00
28.10;83.70;00
28.10;83.90;00
28.10;83.90;00
28.10;84.30;00
28.10;84.40;00
28.10;84.60;00
28.10;84.80;00
28.10;85.00;00
28.10;85.10;00
28.10;85.30;00
28.10;85.40;00
28.10;85.40;00
28.10;85.70;00
28.10;85.80;00
28.10;85.90;00
28.10;85.90;00
28.10;85.90;00
28.10;85.90;00
28.20;85.80;00
28.10;85.70;00
28.10;85.70;00
28.10;85.50;00
28.10;85.40;00
28.10;85.30;00
28.10;85.20;00
28.10;85.10;00
28.10;85.10;00
28.10;85.00;00
28.10;85.00;00
28.10;85.00;00
28.10;85.00;00
28.10;85.10;00
28.10;85.10;00
28.10;85.20;00
28.10;85.20;00
28.10;85.20;00
28.10;85.10;00
28.10;85.10;00
28.10;85.10;00
28.10;84.90;00
28.10;84.90;00
28.10;84.80;00
28.10;84.70;00
28.10;84.70;00
28.10;84.70;00
28.10;84.60;00
28.10;84.60;00
28.10;84.60;00
28.10;84.60;00
28.10;84.60;00
28.10;84.50;00
28.10;84.50;00
28.10;84.50;00
28.10;84.40;00
28.10;84.40;00
28.10;84.30;00
28.10;84.30;00
28.10;84.20;00
28.10;84.10;00
28.20;84.00;00
28.10;83.90;00
28.10;83.90;00
28.10;83.80;00
28.10;83.70;00
28.10;83.60;00
28.10;83.60;00
28.10;83.40;00
28.10;83.30;00
28.10;83.20;00
28.10;83.20;00
28.10;83.10;00
28.10;83.10;00
28.10;83.00;00
28.10;83.00;00
28.10;83.00;00
28.10;83.00;00
28.10;82.90;00
28.10;82.90;00
28.10;82.80;00
28.10;82.70;00
28.10;82.60;00
28.10;82.50;00
28.10;82.40;00
28.10;82.40;00
28.10;82.40;00
28.10;82.30;00
28.10;82.30;00
28.10;82.30;00
28.10;82.30;00
28.10;82.30;00
28.10;82.20;00
28.10;82.20;00
28.10;82.20;00
28.10;82.10;00
28.10;82.00;00
28.10;81.90;00
28.10;81.80;00
28.10;81.80;00
28.10;81.69;00
28.10;81.69;00
28.10;81.69;00
28.10;81.69;00
28.10;81.80;00
28.10;81.90;00
28.10;81.90;00
28.10;81.90;00
28.10;81.80;00
28.10;81.69;00
28.10;81.60;00
28.10;81.50;00
28.10;81.50;00
28.10;81.50;00
28.10;81.50;00
28.10;81.50;00
28.10;81.60;00
28.10;81.80;00
28.10;81.90;00
28.10;82.10;00
28.10;82.20;00
28.10;82.20;00
28.10;82.50;00
28.10;82.50;00
28.10;82.50;00
28.10;82.60;00
28.10;82.60;00
28.10;82.70;00
28.10;82.70;00
28.10;82.70;00
28.10;82.70;00
28.10;82.70;00
28.10;82.70;00
28.10;82.70;00
28.10;82.70;00
28.10;82.80;00
28.10;82.80;00
28.10;82.70;00
28.10;82.70;00
28.10;82.70;00
28.10;82.60;00
28.10;82.60;00
28.10;82.50;00
28.10;82.50;00
28.20;82.40;00
28.20;82.50;00
28.10;82.50;00
28.10;82.50;00
28.10;82.50;00
28.20;82.60;00
28.20;82.60;00
28.20;82.70;00
28.10;82.70;00
28.20;82.70;00
28.10;82.80;00
28.20;82.80;00
28.20;82.80;00
28.20;82.80;00
28.20;82.60;00
28.10;82.50;00
28.20;82.40;00
28.20;82.30;00
28.20;82.20;00
28.20;82.20;00
28.20;82.30;00
28.20;82.50;00
28.20;82.50;00
28.20;82.60;00
28.10;82.60;00
28.20;82.60;00
28.20;82.50;00
28.10;82.30;00
28.10;82.20;00
28.20;82.20;00
28.20;82.20;00
28.20;82.20;00
28.20;82.40;00
28.20;82.60;00
28.20;82.60;00
28.20;82.60;00
28.20;82.50;00
28.20;82.40;00
28.20;82.40;00
28.20;82.30;00
28.20;82.30;00
28.20;82.30;00
28.20;82.30;00
28.20;82.30;00
28.20;82.30;00
28.20;82.30;00
28.20;82.30;00
28.20;82.20;00
28.20;82.20;00
28.20;82.20;00
28.20;81.90;00
28.20;81.90;00
28.20;81.80;00
28.20;81.80;00
28.20;81.80;00
28.20;81.80;00
28.20;81.80;00
28.20;81.80;00
28.20;81.80;00
28.20;81.90;00
28.20;81.90;00
28.20;81.90;00
28.20;81.90;00
28.20;81.90;00
28.20;81.90;00
28.20;81.90;00
28.20;81.80;00
28.20;81.80;00
28.20;81.90;00
28.20;81.80;00
28.20;81.80;00
28.20;81.80;00
28.20;81.90;00
28.20;81.90;00
28.20;81.90;00
28.20;81.90;00
28.20;81.90;00
28.20;82.00;00
28.20;82.10;00
28.20;82.10;00
28.20;82.20;00
28.20;82.20;00
28.20;82.20;00
28.20;82.10;00
28.20;82.00;00
28.20;82.00;00
28.20;81.80;00
28.20;81.80;00
28.20;81.80;00
28.20;81.90;00
28.20;81.90;00
28.20;81.90;00
28.10;81.90;00
28.20;81.90;00
28.20;81.90;00
28.20;81.90;00
28.20;81.90;00
28.20;82.00;00
28.10;82.00;00
28.20;82.00;00
28.20;81.90;00
28.20;81.80;00
28.20;81.69;00
28.20;81.69;00
28.10;81.50;00
28.10;81.50;00
28.20;81.50;00
28.10;81.60;00
28.10;81.80;00
28.10;81.90;00
28.10;82.10;00
28.10;82.10;00
28.10;82.10;00
28.10;82.00;00
28.10;81.90;00
28.10;81.90;00
28.10;81.80;00
28.10;81.80;00
28.10;81.69;00
28.10;81.69;00
28.10;81.69;00
28.10;81.69;00
28.10;81.50;00
28.10;81.50;00
28.10;81.50;00
28.10;81.50;00
28.10;81.50;00
28.10;81.50;00
28.10;81.60;00
28.10;81.69;00
28.10;81.69;00
28.10;81.69;00
28.10;81.69;00
28.10;81.69;00
28.10;81.69;00
28.10;81.69;00
28.10;81.80;00
28.10;81.80;00
28.10;81.90;00
28.10;81.90;00
28.10;82.00;00
28.10;82.10;00
28.10;82.10;00
28.10;82.10;00
28.10;82.10;00
28.00;82.10;00
28.10;82.00;00
28.10;81.90;00
28.10;81.90;00
28.10;81.69;00
28.10;81.69;00
28.10;81.60;00
28.00;81.50;00
28.10;81.40;00
28.00;81.40;00
28.00;81.30;00
28.00;81.19;00
28.00;81.19;00
28.10;81.19;00
28.10;81.19;00
28.10;81.19;00
28.10;81.19;00
28.00;81.19;00
28.00;81.19;00
28.00;81.30;00
28.10;81.30;00
28.10;81.30;00
28.00;81.30;00
28.10;81.40;00
28.10;81.40;00
28.00;81.30;00
28.00;81.30;00
28.00;81.19;00
28.00;81.19;00
28.00;81.00;00
28.00;81.00;00
28.00;80.90;00
28.10;80.80;00
28.00;80.80;00
28.00;80.80;00
28.00;80.80;00
28.00;80.80;00
28.00;80.80;00
28.00;80.80;00
28.00;80.80;00
28.00;80.80;00
28.00;80.80;00
28.00;80.80;00
28.00;80.80;00
28.00;80.69;00
28.00;80.69;00
28.00;80.69;00
28.00;80.69;00
28.00;80.69;00
28.00;80.69;00
28.00;80.69;00
28.00;80.69;00
28.00;80.69;00
28.00;80.69;00
28.00;80.69;00
28.00;80.80;00
28.00;80.80;00
28.00;80.80;00
28.00;80.69;00
28.00;80.69;00
28.00;80.69;00
28.00;80.69;00
28.00;80.69;00
28.00;80.69;00
28.00;80.69;00
28.00;80.80;00
28.00;80.80;00
28.00;80.69;00
28.00;80.69;00
28.00;80.60;00
28.00;80.60;00
28.00;80.60;00
28.00;80.69;00
27.90;80.69;00
28.00;80.80;00
28.00;80.80;00
28.00;80.80;00
28.00;80.80;00
28.00;80.80;00
28.00;80.80;00
28.00;80.80;00
28.00;80.80;00
28.00;80.80;00
28.00;80.80;00
28.00;80.80;00
28.00;80.80;00
28.00;80.80;00
28.00;80.80;00
28.00;80.80;00
27.90;80.80;00
28.00;80.80;00
28.00;80.80;00
27.90;80.69;00
27.90;80.69;00
27.90;80.69;00
28.00;80.69;00
27.90;80.80;00
28.00;80.80;00
27.90;80.80;00
28.00;80.90;00
28.00;80.90;00
28.00;80.90;00
28.00;80.90;00
28.00;80.80;00
28.00;80.80;00
28.00;80.80;00
28.00;80.80;00
28.00;80.80;00
28.00;80.80;00
28.00;80.90;00
28.00;81.00;00
28.00;81.00;00
28.00;81.30;00
28.00;81.40;00
28.00;81.50;00
28.00;81.40;00
28.00;81.30;00
28.00;81.19;00
28.00;81.00;00
28.00;80.90;00
28.00;80.90;00
28.00;80.80;00
28.00;80.80;00
28.00;80.80;00
28.00;80.80;00
28.00;80.69;00
28.00;80.69;00
28.00;80.69;00
28.00;80.69;00
28.00;80.69;00
28.00;80.69;00
28.00;80.69;00
28.00;80.69;00
28.00;80.69;00
28.00;80.69;00
28.00;80.69;00
28.00;80.69;00
28.00;80.69;00
28.00;80.69;00
28.00;80.69;00
28.00;80.69;00
28.00;80.69;00
28.00;80.69;00
28.00;80.60;00
28.00;80.60;00
28.00;80.50;00
28.00;80.50;00
28.00;80.50;00
27.90;80.50;00
28.00;80.50;00
28.00;80.60;00
28.00;80.69;00
28.00;80.69;00
28.00;80.69;00
27.90;80.69;00
28.00;80.69;00
28.00;80.69;00
28.00;80.69;00
28.00;80.69;00
28.00;80.60;00
28.00;80.60;00
28.00;80.50;00
28.00;80.40;00
28.00;80.40;00
28.00;80.30;00
28.00;80.30;00
28.00;80.30;00
27.90;80.30;00
27.90;80.30;00
28.00;80.40;00
28.00;80.40;00
28.00;80.40;00
28.00;80.40;00
28.00;80.40;00
28.00;80.40;00
28.00;80.40;00
28.00;80.40;00
28.00;80.40;00
28.00;80.50;00
28.00;80.50;00
28.00;80.60;00
28.00;80.60;00
28.00;80.69;00
28.00;80.69;00
28.00;80.80;00
28.00;80.80;00
28.00;80.69;00
28.00;80.69;00
28.00;80.60;00
28.00;80.60;00
28.00;80.50;00
28.00;80.40;00
28.00;80.40;00
28.00;80.40;00
28.00;80.40;00
28.00;80.50;00
28.00;80.60;00
28.00;80.69;00
28.00;80.80;00
28.00;80.69;00
28.00;80.69;00
28.00;80.69;00
28.00;80.69;00
28.00;80.60;00
28.00;80.60;00
28.00;80.60;00
28.00;80.50;00
28.00;80.50;00
28.00;80.40;00
28.00;80.40;00
28.00;80.40;00
28.00;80.40;00
28.00;80.40;00
28.00;80.40;00
28.00;80.30;00
28.00;80.19;00
28.00;80.19;00
28.00;80.10;00
28.00;80.10;00
28.00;80.10;00
28.00;80.19;00
28.00;80.19;00
28.00;80.30;00
28.00;80.40;00
28.00;80.40;00
28.00;80.50;00
28.00;80.60;00
28.00;80.60;00
28.00;80.60;00
28.00;80.69;00
28.00;80.69;00
28.00;80.69;00
28.00;80.80;00
28.00;80.80;00
28.00;80.80;00
28.00;80.80;00
28.00;80.69;00
28.00;80.69;00
28.10;80.60;00
28.00;80.60;00
28.00;80.60;00
28.00;80.60;00
28.10;80.60;00
28.10;80.60;00
28.00;80.60;00
28.00;80.50;00
28.00;80.50;00
28.00;80.60;00
28.00;80.60;00
28.00;80.60;00
28.00;80.60;00
28.00;80.60;00
28.00;80.50;00
28.00;80.40;00
28.00;80.30;00
28.00;80.30;00
28.00;80.30;00
28.00;80.30;00
28.00;80.40;00
28.00;80.50;00
28.10;80.60;00
28.00;80.69;00
28.00;80.69;00
28.10;80.60;00
28.10;80.60;00
28.10;80.50;00
28.00;80.40;00
28.00;80.40;00
28.00;80.30;00
28.00;80.30;00
28.00;80.19;00
28.10;80.10;00
28.10;80.10;00
28.10;80.10;00
28.00;80.00;00
28.00;79.90;00
28.10;79.80;00
28.00;79.80;00
28.00;79.69;00
28.00;79.60;00
28.00;79.50;00
28.00;79.50;00
28.00;79.50;00
28.00;79.40;00
28.00;79.40;00
28.00;79.40;00
28.00;79.50;00
28.00;79.50;00
28.00;79.50;00
28.10;79.50;00
28.10;79.50;00
28.10;79.50;00
28.00;79.50;00
28.10;79.50;00
28.00;79.50;00
28.10;79.50;00
28.10;79.40;00
28.10;79.40;00
28.10;79.40;00
28.10;79.40;00
28.10;79.40;00
28.10;79.60;00
28.10;79.69;00
28.10;79.69;00
28.10;79.69;00
28.10;79.69;00
28.10;79.60;00
28.10;79.50;00
28.10;79.50;00
28.10;79.50;00
28.10;79.50;00
28.10;79.50;00
28.10;79.50;00
28.10;79.50;00
28.10;79.50;00
28.10;79.50;00
28.10;79.50;00
28.10;79.40;00
28.10;79.40;00
28.10;79.50;00
28.10;79.50;00
28.10;79.50;00
28.10;79.50;00
28.10;79.60;00
28.10;79.60;00
28.10;79.60;00
28.10;79.60;00
28.10;79.60;00
28.10;79.50;00
28.10;79.40;00
28.10;79.30;00
28.10;79.19;00
28.10;79.10;00
28.10;79.10;00
28.10;79.10;00
28.10;79.00;00
28.10;79.00;00
28.10;78.80;00
28.10;78.80;00
28.10;78.69;00
28.10;78.60;00
28.10;78.60;00
28.10;78.69;00
28.10;78.69;00
28.10;78.80;00
28.10;78.80;00
28.10;78.80;00
28.10;78.69;00
28.10;78.60;00
28.10;78.50;00
28.10;78.40;00
28.10;78.19;00
28.10;78.19;00
28.10;78.19;00
28.10;78.19;00
28.10;78.19;00
28.10;78.30;00
28.10;78.30;00
28.10;78.30;00
28.10;78.30;00
28.10;78.30;00
28.10;78.19;00
28.10;78.10;00
28.10;78.10;00
28.10;78.00;00
28.10;78.00;00
28.10;78.00;00
28.10;78.00;00
28.10;78.00;00
28.10;78.00;00
28.10;78.00;00
28.10;78.00;00
28.10;78.00;00
28.10;78.10;00
28.10;78.10;00
28.10;78.19;00
28.10;78.19;00
28.10;78.10;00
28.20;78.10;00
28.10;78.10;00
28.20;78.00;00
28.20;78.00;00
28.10;78.00;00
28.10;78.00;00
28.20;78.00;00
28.20;78.00;00
28.10;78.10;00
28.20;78.19;00
28.20;78.40;00
28.20;78.60;00
28.20;78.60;00
28.10;78.90;00
28.20;79.10;00
28.20;79.19;00
28.20;79.30;00
28.20;79.30;00
28.20;79.30;00
28.20;79.30;00
28.20;79.30;00
28.20;79.30;00
28.20;79.30;00
28.20;79.30;00
28.20;79.40;00
28.20;79.50;00
28.20;79.60;00
28.20;79.69;00
28.20;79.80;00
28.20;79.80;00
28.20;79.80;00
28.20;79.80;00
28.20;79.80;00
28.20;79.80;00
28.20;79.69;00
28.20;79.69;00
28.20;79.80;00
28.20;79.80;00
28.20;79.80;00
28.20;79.80;00
28.20;79.90;00
28.20;80.00;00
28.20;80.10;00
28.30;80.19;00
28.30;80.30;00
28.30;80.40;00
28.30;80.60;00
28.20;80.69;00
28.20;80.69;00
28.30;80.90;00
28.30;81.00;00
28.20;81.00;00
28.30;81.19;00
28.30;81.30;00
28.30;81.30;00
28.30;81.30;00
28.30;81.30;00
28.30;81.30;00
28.30;81.10;00
28.30;81.10;00
28.30;81.00;00
28.30;81.00;00
28.20;81.00;00
28.30;81.00;00
28.30;81.00;00
28.30;81.00;00
28.30;81.00;00
28.30;81.10;00
28.30;81.19;00
28.20;81.40;00
28.30;81.50;00
28.30;81.69;00
28.30;81.80;00
28.30;82.00;00
28.30;82.10;00
28.30;82.10;00
28.30;82.20;00
28.30;82.30;00
28.30;82.50;00
28.30;82.60;00
28.20;82.80;00
28.30;82.90;00
28.30;83.10;00
28.30;83.20;00
28.30;83.20;00
28.20;83.50;00
28.30;83.60;00
28.30;83.80;00
28.30;83.90;00
28.30;84.00;00
28.30;84.10;00
28.30;84.10;00
28.30;84.10;00
28.30;84.10;00
28.30;83.90;00
28.30;83.80;00
28.30;83.70;00
28.30;83.70;00
28.30;83.80;00
28.30;83.90;00
28.30;83.90;00
28.30;84.00;00
28.30;84.00;00
28.30;84.10;00
28.30;84.10;00
28.30;84.10;00
28.30;84.10;00
28.30;84.10;00
28.30;84.20;00
28.30;84.40;00
28.30;84.50;00
28.30;84.50;00
28.30;84.90;00
28.30;84.90;00
28.30;85.00;00
28.30;85.00;00
28.30;84.90;00
28.30;84.80;00
28.40;84.80;00
28.40;84.70;00
28.40;84.70;00
28.30;84.70;00
28.40;84.70;00
28.40;84.70;00
28.40;84.80;00
28.40;84.80;00
28.30;84.80;00
28.40;84.80;00
28.30;84.80;00
28.30;84.80;00
28.40;84.90;00
28.40;84.90;00
28.40;85.00;00
28.40;85.10;00
28.40;85.20;00
28.40;85.20;00
28.40;85.10;00
28.40;85.10;00
28.40;85.10;00
28.40;85.00;00
28.40;85.10;00
28.40;85.30;00
28.40;85.50;00
28.40;85.70;00
28.40;85.80;00
28.40;85.90;00
28.40;85.80;00
28.40;85.80;00
28.40;85.60;00
28.40;85.50;00
28.40;85.40;00
28.40;85.30;00
28.40;85.20;00
28.40;85.30;00
28.40;85.30;00
28.40;85.50;00
28.40;85.50;00
